s_in 0.03538675007857676
layer 32 16 2134510260 38 0.00025598845874648325
W -19 59 -29 -58 -1 0 -39 31 18 -25 -57 -30 -31 19 -15 10 31 24 40 6 33 61 -24 59 17 16 43 -75 17 -45 -52 60 -18 -31 21 -53 -54 55 19 -16 -9 1 -10 -50 -7 -26 21 42 -33 30 36 88 -9 2 2 -39 -22 -13 -26 -10 -2 5 -20 0 89 -29 -4 10 2 34 -24 -2 19 6 7 32 -14 23 -75 -44 -18 -4 19 -57 -16 -22 -58 -59 79 -27 11 -13 2 -5 49 -49 -11 -18 -33 -52 58 37 -22 15 -47 -34 15 -21 -31 1 -28 52 -8 68 -7 -64 -11 -19 29 -3 37 -19 5 38 -62 -38 -7 -9 -19 -41 -60 11 -45 -24 45 -9 -28 -15 -33 58 42 3 36 -20 -88 -80 27 13 -2 -54 -13 -13 -8 8 6 -2 -7 -24 0 -5 47 -32 -36 -93 12 -25 -20 -1 -32 9 10 -19 -5 18 -21 -5 -22 -7 16 -47 -19 -2 0 -20 21 45 -47 -56 -44 -9 19 38 -15 30 -26 -46 -64 42 1 -21 -19 39 -42 -14 7 28 -23 18 42 15 -26 25 34 4 -21 10 -19 -12 50 -35 11 36 88 -12 -71 64 -42 12 2 -10 1 22 -7 47 40 -45 25 -25 14 13 -14 127 -46 -18 -2 -36 11 -28 -17 -12 -27 9 -4 -1 -15 10 -53 17 -8 -31 -76 17 6 23 2 -10 -24 38 43 -9 6 -11 -34 57 -42 -68 47 -17 -16 -24 17 13 -2 16 7 24 28 33 40 -18 -72 46 -22 25 5 -23 17 -12 -16 -9 25 -11 -33 -53 22 17 67 18 37 38 -72 2 78 -65 22 28 -6 -1 12 22 -1 19 -47 18 26 -13 -10 -12 37 -9 -72 -45 56 29 -32 32 84 44 39 19 -42 -14 8 47 4 41 43 -29 4 16 0 33 -4 16 38 20 -52 38 -42 58 -17 -5 -10 -9 19 38 30 -88 -15 -18 -41 78 -32 -19 -60 -16 -6 39 27 34 41 -61 29 -9 62 89 24 -2 -22 28 -24 -32 -12 -24 -43 22 33 0 -15 -9 54 -1 -27 17 80 -20 36 23 -38 68 8 -26 46 -34 -40 -49 -17 -29 -23 66 30 -44 -10 26 24 -18 -48 14 -54 12 -27 16 95 -68 -8 0 15 -11 16 5 -56 -7 -4 6 -28 -6 -1 8 -38 -18 45 31 76 49 -37 1 -10 0 -26 -17 -47 -12 -17 -50 43 -24 -22 -32 -36 -29 -2 40 62 -24 48 -19 -58 53 -29 14 -10 -43 -32 78 -11 43 5 12 14 25 -36 21 -38 14 56 10 -57 -52 55 -5 -37 9 25 38 4 -2 -27 17 -8 21 -20 -8
B -968 -1224 -1108 -214 -249 -457 -275 -777 -489 -952 161 -2131 -1895 -1430 181 129 -1495 -2173 -134 479 -1072 -252 -1798 -650 -445 -2314 -1725 604 -631 -219 -1353 -1114
layer 16 32 2118649361 37 0.0003429247289493309
W 31 17 -27 2 -22 15 -15 -22 23 -13 1 3 -14 -54 13 9 -21 8 -15 11 -24 27 18 -3 22 -9 46 17 -2 -21 -21 -3 -16 -27 4 28 0 -34 -33 23 -5 -32 12 21 29 -4 4 -25 9 36 28 18 4 -3 26 18 -51 -8 -2 31 -1 11 18 -16 -59 -3 -10 -10 3 15 24 36 3 28 -2 -16 -30 20 -10 -10 -38 37 13 -22 -42 10 46 -8 8 4 -49 1 -4 -50 -9 1 -9 -8 -2 -51 -10 37 -2 27 -16 2 23 -7 35 -34 -7 -26 22 43 -4 6 -5 1 21 -3 -30 35 -42 18 9 1 -19 -30 3 34 16 9 -2 -14 37 3 45 -19 -16 0 -2 22 -4 -22 18 32 23 -23 6 12 3 -21 0 -27 4 9 -34 -1 -15 6 -10 -6 -9 24 -11 2 -1 4 -26 -38 -5 -19 1 32 14 10 14 -20 16 0 6 4 -5 1 13 -5 6 25 -48 2 -8 19 -21 -10 -22 6 -44 1 13 14 17 23 -16 1 -17 10 -37 3 -13 39 4 14 -52 25 -21 -32 3 2 -18 27 -3 -5 -8 12 -37 -127 11 -24 -15 -32 13 -35 25 11 8 -17 13 49 -23 -80 -38 -18 -7 -52 -39 -11 -40 0 23 -10 42 0 -14 -38 -6 -4 -15 -44 13 -16 0 -2 29 -106 -3 0 -5 -50 12 -18 -5 -9 -4 19 45 8 25 -30 6 -35 -13 -74 13 3 -16 -80 21 19 5 -24 -18 17 -7 12 -10 7 -13 6 -4 -41 -8 13 27 37 6 5 13 48 -9 -38 23 -14 13 -26 3 -37 7 9 6 -20 12 -17 -28 16 1 23 14 13 -45 3 -7 24 20 -4 -25 21 -4 1 -26 21 1 10 12 -77 -2 27 -16 15 10 32 -76 7 3 2 32 23 1 28 36 23 11 9 1 -17 8 -6 -23 0 -3 9 13 15 20 -72 3 -2 -10 -29 0 26 -17 -22 7 -63 -9 -5 41 13 -61 -45 20 -25 23 -53 17 -13 5 -43 -26 -12 -11 32 -24 -29 2 -39 18 -29 -92 -86 -9 23 -75 -43 24 0 -30 34 -3 -7 -59 9 7 -14 28 27 8 11 33 21 -33 -26 7 -2 -17 21 -13 -4 6 17 17 -45 8 -30 23 -9 9 6 -7 -44 -31 -3 16 14 20 11 -9 -22 -81 -4 -55 10 2 -14 32 24 21 13 28 -2 -34 -3 16 11 -47 7 25 10 -55 15 21 -50 -27 -12 -15 -2 19 17 -3 23 -10 -47 10 -14 -37 22 -70 -2 -34 -34 29 -72 -28 18 -34 29 -42 -32 36 -26 -68 30
B 152 413 590 -565 -333 795 73 1318 -233 -223 -3 -420 -56 609 -365 164
layer 1 16 0 0 0.00015681100160087042
W 23 -43 62 -61 -45 -14 41 -69 75 -48 40 -28 127 40 67 -84
B -327
