1 1 M 999900
1 2 M 1000000
1 3 Q 32
1 4 E 32 100 0
1 5 M 999800
1 6 Q 80
1 7 E 80 100 0
1 8 M 1000000
1 9 Q 128
1 10 E 128 100 0
1 11 M 1000200
1 12 M 1000100
1 13 M 999900
2 14 M 999700
2 15 A 11 0 2000000001
2 16 A 12 0 2000000002
2 17 A 13 0 2000000003
2 18 Q 176
2 19 E 176 100 0
2 20 Q 2000000001
2 21 E 2000000001 100 0
2 22 Q 2000000002
2 23 E 2000000002 100 0
2 24 Q 2000000003
2 25 E 2000000003 100 0
2 26 M 999500
2 27 Q 416
2 28 C 416
2 29 M 999700
2 30 Q 464
2 31 E 464 100 0
2 32 M 999800
2 33 Q 512
2 34 E 512 100 0
2 35 M 999600
2 36 Q 560
2 37 C 560
2 38 M 999500
2 39 Q 608
2 40 C 608
2 41 M 999600
2 42 Q 656
2 43 E 656 100 0
2 44 M 999700
2 45 Q 704
2 46 E 704 100 0
2 47 M 999600
2 48 Q 752
2 49 C 752
2 50 M 999400
2 51 Q 800
2 52 C 800
2 53 M 999500
2 54 Q 848
2 55 E 848 100 0
2 56 M 999400
2 57 Q 896
2 58 C 896
2 59 M 999200
2 60 Q 944
2 61 C 944
2 62 M 999300
2 63 Q 992
2 64 E 992 100 0
2 65 M 999400
2 66 Q 1040
2 67 E 1040 100 0
2 68 M 999300
2 69 Q 1088
2 70 C 1088
2 71 M 999200
2 72 Q 1136
2 73 C 1136
2 74 M 999300
2 75 Q 1184
2 76 E 1184 100 0
2 77 M 999400
2 78 Q 1232
2 79 E 1232 100 0
2 80 M 999500
2 81 M 999300
2 82 Q 1296
2 83 C 1296
2 84 M 999400
2 85 M 999600
2 86 M 999500
2 87 Q 1376
2 88 C 1376
2 89 M 999400
2 90 Q 1424
2 91 C 1424
2 92 M 999300
2 93 Q 1472
2 94 C 1472
2 95 M 999500
2 96 M 999600
2 97 M 999400
2 98 Q 1552
2 99 C 1552
2 100 M 999500
2 101 M 999300
2 102 Q 1616
2 103 C 1616
2 104 M 999400
2 105 M 999500
2 106 M 999400
2 107 Q 1696
2 108 C 1696
2 109 M 999600
2 110 M 999800
2 111 M 999900
2 112 M 1000100
2 113 M 1000300
2 114 M 1000200
2 115 Q 1824
2 116 E 1824 100 0
2 117 M 1000100
2 118 Q 1872
2 119 E 1872 100 0
2 120 M 1000200
2 121 Q 1920
2 122 E 1920 100 0
2 123 M 1000300
2 124 Q 1968
2 125 C 1968
2 126 M 1000100
2 127 Q 2016
2 128 E 2016 100 0
2 129 M 999900
2 130 Q 2064
2 131 E 2064 100 0
2 132 M 999700
2 133 Q 2112
2 134 C 2112
2 135 M 999900
2 136 Q 2160
2 137 E 2160 100 0
2 138 M 1000000
2 139 Q 2208
2 140 E 2208 100 0
2 141 M 1000200
2 142 Q 2256
2 143 E 2256 100 0
2 144 M 1000300
2 145 M 1000200
2 146 Q 2320
2 147 E 2320 100 0
2 148 M 1000100
2 149 Q 2368
2 150 E 2368 100 0
2 151 M 999900
2 152 Q 2416
2 153 E 2416 100 0
